C:\Users\diana\Downloads\drive-download-20200505T164820Z-001\set4\IMG_1691.JPG
4032 3024

4 0 1511.5 
0 4 2015.5 
0 0 1 

0.984718 0.00830833 0.173957 
-0.014469 0.999311 0.0341766 
-0.173553 -0.0361713 0.98416 

822.158

C:\Users\diana\Downloads\drive-download-20200505T164820Z-001\set4\IMG_1692.JPG
4032 3024

4 0 1511.5 
0 4 2015.5 
0 0 1 

0.864348 0.011054 0.502772 
-0.00955509 0.999939 -0.00555798 
-0.502803 1.63166e-009 0.864401 

821.658

C:\Users\diana\Downloads\drive-download-20200505T164820Z-001\set4\IMG_1693.JPG
4032 3024

4 0 1511.5 
0 4 2015.5 
0 0 1 

0.663117 0.0034178 0.748508 
-0.00099562 0.999993 -0.00368406 
-0.748515 0.00169774 0.663116 

824.005

C:\Users\diana\Downloads\drive-download-20200505T164820Z-001\set4\IMG_1694.JPG
4032 3024

4 0 1511.5 
0 4 2015.5 
0 0 1 

0.334467 -0.0248815 0.942079 
0.017032 0.999648 0.0203551 
-0.942253 0.00923738 0.334773 

824.583

C:\Users\diana\Downloads\drive-download-20200505T164820Z-001\set4\IMG_1695.JPG
4032 3024

4 0 1511.5 
0 4 2015.5 
0 0 1 

-0.137371 -0.0501629 0.989249 
0.0129394 0.998541 0.0524309 
-0.990435 0.0200028 -0.136521 

825.839

C:\Users\diana\Downloads\drive-download-20200505T164820Z-001\set4\IMG_1696.JPG
4032 3024

4 0 1511.5 
0 4 2015.5 
0 0 1 

-0.446346 -0.0349864 0.894176 
0.00319712 0.999167 0.0406903 
-0.894855 0.0210207 -0.445862 

826.641

C:\Users\diana\Downloads\drive-download-20200505T164820Z-001\set4\IMG_1697.JPG
4032 3024

4 0 1511.5 
0 4 2015.5 
0 0 1 

-0.680277 -0.00949986 0.732893 
0.01272 0.999612 0.024764 
-0.732844 0.0261688 -0.679893 

825.839

C:\Users\diana\Downloads\drive-download-20200505T164820Z-001\set4\IMG_1698.JPG
4032 3024

4 0 1511.5 
0 4 2015.5 
0 0 1 

-0.845035 -0.0388068 0.533301 
-0.0208731 0.998997 0.03962 
-0.534303 0.0223487 -0.844997 

825.225

