C:\Users\diana\Downloads\drive-download-20200505T164820Z-001\set3\IMG_1669.JPG
4032 3024

4 0 1511.5 
0 4 2015.5 
0 0 1 

-0.617588 0.0287301 0.785977 
0.0200979 -0.99843 0.052288 
0.786245 0.048089 0.616041 

838.452

C:\Users\diana\Downloads\drive-download-20200505T164820Z-001\set3\IMG_1670.JPG
4032 3024

4 0 1511.5 
0 4 2015.5 
0 0 1 

-0.345396 0.0544473 0.936877 
-0.0188338 -0.998517 0.0510862 
0.938268 -1.55276e-008 0.345909 

841.561

C:\Users\diana\Downloads\drive-download-20200505T164820Z-001\set3\IMG_1672.JPG
4032 3024

4 0 1511.5 
0 4 2015.5 
0 0 1 

0.0208557 0.0834083 0.996297 
-0.0174313 -0.996332 0.0837761 
0.99963 -0.0191139 -0.0193252 

843.068

C:\Users\diana\Downloads\drive-download-20200505T164820Z-001\set3\IMG_1673.JPG
4032 3024

4 0 1511.5 
0 4 2015.5 
0 0 1 

0.388714 0.0850868 0.917421 
0.000330853 -0.99574 0.0922103 
0.921358 -0.0355399 -0.387086 

844.534

C:\Users\diana\Downloads\drive-download-20200505T164820Z-001\set3\IMG_1674.JPG
4032 3024

4 0 1511.5 
0 4 2015.5 
0 0 1 

0.73702 0.0840404 0.670625 
0.0144937 -0.993976 0.108633 
0.675715 -0.0703448 -0.733799 

843.398

C:\Users\diana\Downloads\drive-download-20200505T164820Z-001\set3\IMG_1675.JPG
4032 3024

4 0 1511.5 
0 4 2015.5 
0 0 1 

0.912699 0.0527476 0.405214 
0.014451 -0.99518 0.0969955 
0.408377 -0.0826719 -0.909062 

844.157

C:\Users\diana\Downloads\drive-download-20200505T164820Z-001\set3\IMG_1676.JPG
4032 3024

4 0 1511.5 
0 4 2015.5 
0 0 1 

0.989355 0.0101179 0.14517 
-0.00548042 -0.994282 0.106648 
0.145419 -0.106309 -0.983642 

845.031

C:\Users\diana\Downloads\drive-download-20200505T164820Z-001\set3\IMG_1677.JPG
4032 3024

4 0 1511.5 
0 4 2015.5 
0 0 1 

0.99216 -0.0244421 -0.122563 
-0.00763345 -0.99071 0.135779 
-0.124743 -0.133779 -0.983129 

844.378

