C:\Users\diana\Downloads\drive-download-20200506T070546Z-001\campus0\IMG_1741.JPG
4032 3024

4 0 1511.5 
0 4 2015.5 
0 0 1 

-0.337309 -0.0662147 -0.939063 
0.0219644 0.996698 -0.0781683 
0.941138 -0.0469929 -0.334741 

805.2

C:\Users\diana\Downloads\drive-download-20200506T070546Z-001\campus0\IMG_1742.JPG
4032 3024

4 0 1511.5 
0 4 2015.5 
0 0 1 

0.18279 -0.0247783 -0.98284 
0.00453057 0.999693 -0.0243606 
0.983141 -6.77828e-010 0.182846 

805.605

C:\Users\diana\Downloads\drive-download-20200506T070546Z-001\campus0\IMG_1743.JPG
4032 3024

4 0 1511.5 
0 4 2015.5 
0 0 1 

0.543596 -0.0180489 -0.839153 
-0.0165517 0.999344 -0.0322163 
0.839184 0.031402 0.54294 

806.451

C:\Users\diana\Downloads\drive-download-20200506T070546Z-001\campus0\IMG_1744.JPG
4032 3024

4 0 1511.5 
0 4 2015.5 
0 0 1 

0.782419 -0.0425115 -0.621299 
-0.000584724 0.997617 -0.0689968 
0.622752 0.0543477 0.78053 

805.97

C:\Users\diana\Downloads\drive-download-20200506T070546Z-001\campus0\IMG_1745.JPG
4032 3024

4 0 1511.5 
0 4 2015.5 
0 0 1 

0.915918 -0.0321472 -0.400075 
0.00568062 0.997726 -0.0671651 
0.401325 0.059245 0.914018 

806.971

C:\Users\diana\Downloads\drive-download-20200506T070546Z-001\campus0\IMG_1746.JPG
4032 3024

4 0 1511.5 
0 4 2015.5 
0 0 1 

0.997428 -0.0142061 -0.0702543 
0.00909555 0.997324 -0.072536 
0.0710968 0.0717104 0.994888 

805.316

C:\Users\diana\Downloads\drive-download-20200506T070546Z-001\campus0\IMG_1747.JPG
4032 3024

4 0 1511.5 
0 4 2015.5 
0 0 1 

0.980935 0.0264196 0.192532 
-0.0108055 0.996598 -0.081702 
-0.194036 0.0780639 0.977884 

802.619

C:\Users\diana\Downloads\drive-download-20200506T070546Z-001\campus0\IMG_1748.JPG
4032 3024

4 0 1511.5 
0 4 2015.5 
0 0 1 

0.877901 0.052956 0.475906 
-0.00842807 0.995421 -0.0952174 
-0.478769 0.0795804 0.874327 

801.488

C:\Users\diana\Downloads\drive-download-20200506T070546Z-001\campus0\IMG_1749.JPG
4032 3024

4 0 1511.5 
0 4 2015.5 
0 0 1 

0.684563 0.0746146 0.725125 
0.00402464 0.994346 -0.106117 
-0.728942 0.0755619 0.680392 

800.819

C:\Users\diana\Downloads\drive-download-20200506T070546Z-001\campus0\IMG_1750.JPG
4032 3024

4 0 1511.5 
0 4 2015.5 
0 0 1 

0.288897 0.122026 0.949552 
-0.00894379 0.992144 -0.124778 
-0.957319 0.0275554 0.287718 

799.793

