C:\Users\diana\Downloads\drive-download-20200505T164820Z-001\set2\IMG_1661.JPG
4032 3024
4 0 1511.5 
0 4 2015.5 
0 0 1 

0 0 0 
0 0 0 
0 0 0 

793

C:\Users\diana\Downloads\drive-download-20200505T164820Z-001\set2\IMG_1662.JPG
4032 3024

4 0 1511.5 
0 4 2015.5 
0 0 1 

0.988542 -0.0122642 0.150451 
0.0121245 0.999925 0.00184526 
-0.150462 -1.77278e-009 0.988616 

793.288

C:\Users\diana\Downloads\drive-download-20200505T164820Z-001\set2\IMG_1663.JPG
4032 3024
4 0 1511.5 
0 4 2015.5 
0 0 1 

0 0 0 
0 0 0 
0 0 0 

793

C:\Users\diana\Downloads\drive-download-20200505T164820Z-001\set2\IMG_1664.JPG
4032 3024

4 0 1511.5 
0 4 2015.5 
0 0 1 

0.645896 0.0175365 0.763225 
-0.000835326 0.999752 -0.0222642 
-0.763425 0.0137427 0.64575 

792.847

C:\Users\diana\Downloads\drive-download-20200505T164820Z-001\set2\IMG_1665.JPG
4032 3024

4 0 1511.5 
0 4 2015.5 
0 0 1 

0.396224 0.0603275 0.91617 
-0.00416699 0.997947 -0.0639101 
-0.918144 0.0215051 0.395662 

798.036

C:\Users\diana\Downloads\drive-download-20200505T164820Z-001\set2\IMG_1666.JPG
4032 3024

4 0 1511.5 
0 4 2015.5 
0 0 1 

0.0808384 0.0650385 0.994603 
-0.0112873 0.997865 -0.0643344 
-0.996663 -0.00602576 0.0814 

798.128

C:\Users\diana\Downloads\drive-download-20200505T164820Z-001\set2\IMG_1667.JPG
4032 3024

4 0 1511.5 
0 4 2015.5 
0 0 1 

-0.205389 0.0629857 0.976652 
-0.0285707 0.997116 -0.0703138 
-0.978263 -0.0423453 -0.202997 

797.701

C:\Users\diana\Downloads\drive-download-20200505T164820Z-001\set2\IMG_1668.JPG
4032 3024

4 0 1511.5 
0 4 2015.5 
0 0 1 

-0.502594 0.0905382 0.859769 
0.0327715 0.995782 -0.0857038 
-0.863901 -0.0148983 -0.503441 

798.426

