C:\Users\diana\Downloads\drive-download-20200505T164820Z-001\set5\IMG_1699.JPG
4032 3024

4 0 1511.5 
0 4 2015.5 
0 0 1 

0.491997 0.0266172 -0.87019 
0.0219743 0.998834 0.0429762 
0.870319 -0.0402659 0.490839 

832.838

C:\Users\diana\Downloads\drive-download-20200505T164820Z-001\set5\IMG_1700.JPG
4032 3024

4 0 1511.5 
0 4 2015.5 
0 0 1 

0.813698 0.0307604 -0.580473 
-0.0250415 0.999527 0.0178641 
0.580748 3.13628e-010 0.814083 

838.231

C:\Users\diana\Downloads\drive-download-20200505T164820Z-001\set5\IMG_1701.JPG
4032 3024

4 0 1511.5 
0 4 2015.5 
0 0 1 

0.979075 0.00371304 -0.203467 
-0.00633956 0.999905 -0.0122586 
0.203402 0.0132921 0.979005 

839.305

C:\Users\diana\Downloads\drive-download-20200505T164820Z-001\set5\IMG_1702.JPG
4032 3024

4 0 1511.5 
0 4 2015.5 
0 0 1 

0.998166 0.00647884 0.0601849 
-0.00631341 0.999976 -0.00293842 
-0.0602026 0.0025531 0.998183 

841.857

C:\Users\diana\Downloads\drive-download-20200505T164820Z-001\set5\IMG_1703.JPG
4032 3024

4 0 1511.5 
0 4 2015.5 
0 0 1 

0.943403 -0.00629936 0.331588 
0.0089041 0.99994 -0.00633669 
-0.331529 0.00893056 0.943403 

841.496

C:\Users\diana\Downloads\drive-download-20200505T164820Z-001\set5\IMG_1704.JPG
4032 3024

4 0 1511.5 
0 4 2015.5 
0 0 1 

0.844256 0.0147051 0.535739 
-0.00314138 0.999742 -0.0224909 
-0.535931 0.0173051 0.844084 

843.781

C:\Users\diana\Downloads\drive-download-20200505T164820Z-001\set5\IMG_1705.JPG
4032 3024

4 0 1511.5 
0 4 2015.5 
0 0 1 

0.682507 0.0288029 0.730312 
0.00198943 0.999146 -0.0412648 
-0.730877 0.0296164 0.681867 

842.79

C:\Users\diana\Downloads\drive-download-20200505T164820Z-001\set5\IMG_1706.JPG
4032 3024

4 0 1511.5 
0 4 2015.5 
0 0 1 

0.433755 0.0403007 0.900129 
-0.0010805 0.999022 -0.0442077 
-0.90103 0.0182027 0.433374 

844.263

C:\Users\diana\Downloads\drive-download-20200505T164820Z-001\set5\IMG_1707.JPG
4032 3024

4 0 1511.5 
0 4 2015.5 
0 0 1 

0.197482 0.052088 0.978922 
0.00907699 0.998448 -0.0549581 
-0.980264 0.0197389 0.196703 

843.829

