C:\Users\diana\Downloads\drive-download-20200505T164820Z-001\set0\IMG_1566.JPG
4032 3024

4 0 1511.5 
0 4 2015.5 
0 0 1 

-0.817266 0.010124 0.576172 
-0.00148669 -0.999879 0.0154603 
0.576259 0.0117786 0.817182 

822.708

C:\Users\diana\Downloads\drive-download-20200505T164820Z-001\set0\IMG_1567.JPG
4032 3024

4 0 1511.5 
0 4 2015.5 
0 0 1 

-0.477833 0.00637141 0.878427 
-0.00304453 -0.999979 0.00559694 
0.878445 -5.13776e-009 0.477843 

820.843

C:\Users\diana\Downloads\drive-download-20200505T164820Z-001\set0\IMG_1568.JPG
4032 3024

4 0 1511.5 
0 4 2015.5 
0 0 1 

-0.200731 0.00336295 0.97964 
-0.00869659 -0.999961 0.00165075 
0.979608 -0.00818817 0.200753 

819.356

C:\Users\diana\Downloads\drive-download-20200505T164820Z-001\set0\IMG_1569.JPG
4032 3024

4 0 1511.5 
0 4 2015.5 
0 0 1 

0.0559067 0.00748158 0.998408 
-0.00134406 -0.99997 0.00756855 
0.998435 -0.00176505 -0.0558949 

818.153

C:\Users\diana\Downloads\drive-download-20200505T164820Z-001\set0\IMG_1570.JPG
4032 3024

4 0 1511.5 
0 4 2015.5 
0 0 1 

0.385438 0.016834 0.92258 
0.00516637 -0.999857 0.0160856 
0.922719 -0.00143362 -0.38547 

816.246

C:\Users\diana\Downloads\drive-download-20200505T164820Z-001\set0\IMG_1571.JPG
4032 3024

4 0 1511.5 
0 4 2015.5 
0 0 1 

0.616401 0.028529 0.786915 
-0.00417954 -0.999211 0.0394994 
0.787421 -0.0276364 -0.615796 

815.58

C:\Users\diana\Downloads\drive-download-20200505T164820Z-001\set0\IMG_1572.JPG
4032 3024

4 0 1511.5 
0 4 2015.5 
0 0 1 

0.84283 0.0160127 0.537942 
0.0108385 -0.999859 0.0127811 
0.538071 -0.00494182 -0.842885 

813.359

C:\Users\diana\Downloads\drive-download-20200505T164820Z-001\set0\IMG_1573.JPG
4032 3024

4 0 1511.5 
0 4 2015.5 
0 0 1 

0.999916 0.0128528 -0.00176375 
0.0129283 -0.998509 0.0530302 
-0.00107952 -0.0530485 -0.998591 

811.642

C:\Users\diana\Downloads\drive-download-20200505T164820Z-001\set0\IMG_1574.JPG
4032 3024

4 0 1511.5 
0 4 2015.5 
0 0 1 

0.921878 -0.0127421 -0.387272 
0.00116327 -0.999363 0.0356504 
-0.387479 -0.0333158 -0.921276 

809.661

C:\Users\diana\Downloads\drive-download-20200505T164820Z-001\set0\IMG_1575.JPG
4032 3024

4 0 1511.5 
0 4 2015.5 
0 0 1 

0.620854 -0.0569059 -0.781858 
-0.01135 -0.99791 0.063618 
-0.783844 -0.0306234 -0.620202 

808.655

