C:\Users\diana\Downloads\drive-download-20200505T164820Z-001\set1\IMG_1646.JPG
4032 3024

4 0 1511.5 
0 4 2015.5 
0 0 1 

-0.731251 0.0607784 0.679396 
-0.0369293 -0.998089 0.0495406 
0.681108 0.011137 0.732098 

766.046

C:\Users\diana\Downloads\drive-download-20200505T164820Z-001\set1\IMG_1647.JPG
4032 3024

4 0 1511.5 
0 4 2015.5 
0 0 1 

-0.433482 -0.0136008 0.90106 
0.00589622 -0.999908 -0.0122562 
0.901143 -4.01719e-008 0.433522 

768.083

C:\Users\diana\Downloads\drive-download-20200505T164820Z-001\set1\IMG_1648.JPG
4032 3024

4 0 1511.5 
0 4 2015.5 
0 0 1 

-0.162013 -0.072347 0.984133 
0.0216751 -0.997329 -0.0697488 
0.986551 0.0100309 0.163148 

769.896

C:\Users\diana\Downloads\drive-download-20200505T164820Z-001\set1\IMG_1649.JPG
4032 3024

4 0 1511.5 
0 4 2015.5 
0 0 1 

0.0898577 -0.10217 0.9907 
0.025306 -0.994169 -0.104823 
0.995633 0.0344898 -0.0867481 

771.857

C:\Users\diana\Downloads\drive-download-20200505T164820Z-001\set1\IMG_1650.JPG
4032 3024

4 0 1511.5 
0 4 2015.5 
0 0 1 

0.32043 -0.11712 0.940004 
0.0248662 -0.990945 -0.131943 
0.946946 0.0656528 -0.314616 

773.12

C:\Users\diana\Downloads\drive-download-20200505T164820Z-001\set1\IMG_1651.JPG
4032 3024

4 0 1511.5 
0 4 2015.5 
0 0 1 

0.471538 -0.130382 0.872154 
0.0177256 -0.987408 -0.157196 
0.881668 0.0895833 -0.463289 

772.872

C:\Users\diana\Downloads\drive-download-20200505T164820Z-001\set1\IMG_1652.JPG
4032 3024

4 0 1511.5 
0 4 2015.5 
0 0 1 

0.663096 -0.141318 0.735073 
-0.0117739 -0.983865 -0.178527 
0.748442 0.109726 -0.654061 

774.465

C:\Users\diana\Downloads\drive-download-20200505T164820Z-001\set1\IMG_1653.JPG
4032 3024

4 0 1511.5 
0 4 2015.5 
0 0 1 

0.797831 -0.161111 0.580956 
-0.0474703 -0.977427 -0.205869 
0.60101 0.136671 -0.78747 

773.407

C:\Users\diana\Downloads\drive-download-20200505T164820Z-001\set1\IMG_1654.JPG
4032 3024
4 0 1511.5 
0 4 2015.5 
0 0 1 

0 0 0 
0 0 0 
0 0 0 
0
