C:\Users\diana\Downloads\drive-download-20200506T070546Z-001\campus1\IMG_1751.JPG
4032 3024

4 0 1511.5 
0 4 2015.5 
0 0 1 

0.999885 0.000713596 -0.0151306 
-0.000790795 0.999987 -0.00509682 
0.0151268 0.00510821 0.999873 

1018.48

C:\Users\diana\Downloads\drive-download-20200506T070546Z-001\campus1\IMG_1752.JPG
4032 3024

4 0 1511.5 
0 4 2015.5 
0 0 1 

0.952842 -0.00799252 0.303361 
0.00761585 0.999968 0.00242469 
-0.30337 8.15613e-011 0.952873 

1001.91

C:\Users\diana\Downloads\drive-download-20200506T070546Z-001\campus1\IMG_1753.JPG
4032 3024

4 0 1511.5 
0 4 2015.5 
0 0 1 

0.827015 -0.0100509 0.56209 
-0.00215705 0.999776 0.021051 
-0.562176 -0.0186219 0.826808 

981.993

C:\Users\diana\Downloads\drive-download-20200506T070546Z-001\campus1\IMG_1754.JPG
4032 3024

4 0 1511.5 
0 4 2015.5 
0 0 1 

0.615734 -0.0204431 0.787689 
-0.0156427 0.999149 0.0381591 
-0.787799 -0.0358175 0.614891 

960.745

C:\Users\diana\Downloads\drive-download-20200506T070546Z-001\campus1\IMG_1755.JPG
4032 3024

4 0 1511.5 
0 4 2015.5 
0 0 1 

0.209837 -0.0195092 0.977542 
0.0229633 0.999623 0.0150206 
-0.977467 0.0192957 0.210206 

941.224

C:\Users\diana\Downloads\drive-download-20200506T070546Z-001\campus1\IMG_1756.JPG
4032 3024

4 0 1511.5 
0 4 2015.5 
0 0 1 

-0.33013 -0.00387945 0.943927 
-0.0209015 0.999777 -0.00320116 
-0.943704 -0.0207864 -0.330137 

920.525

C:\Users\diana\Downloads\drive-download-20200506T070546Z-001\campus1\IMG_1757.JPG
4032 3024

4 0 1511.5 
0 4 2015.5 
0 0 1 

-0.622323 0.00366379 0.782752 
0.000379844 0.99999 -0.00437861 
-0.78276 -0.00242762 -0.622319 

915.961

C:\Users\diana\Downloads\drive-download-20200506T070546Z-001\campus1\IMG_1758.JPG
4032 3024

4 0 1511.5 
0 4 2015.5 
0 0 1 

-0.921739 -0.00847537 0.387717 
0.00852941 0.999076 0.0421169 
-0.387716 0.0421278 -0.920815 

907.057

