C:\Users\diana\Downloads\drive-download-20200506T070546Z-001\campus2\IMG_1766.JPG
4032 3024

4 0 1511.5 
0 4 2015.5 
0 0 1 

-0.833019 -0.040179 0.551784 
0.0461759 -0.998929 -0.00302753 
0.551314 0.0229571 0.833982 

825.221

C:\Users\diana\Downloads\drive-download-20200506T070546Z-001\campus2\IMG_1767.JPG
4032 3024

4 0 1511.5 
0 4 2015.5 
0 0 1 

-0.52211 0.0103688 0.852815 
-0.005414 -0.999946 0.00884315 
0.852861 -6.16155e-008 0.522138 

821.318

C:\Users\diana\Downloads\drive-download-20200506T070546Z-001\campus2\IMG_1768.JPG
4032 3024

4 0 1511.5 
0 4 2015.5 
0 0 1 

-0.107942 0.0512628 0.992834 
-0.0360952 -0.998213 0.0476162 
0.993502 -0.0306968 0.1096 

822.657

C:\Users\diana\Downloads\drive-download-20200506T070546Z-001\campus2\IMG_1769.JPG
4032 3024

4 0 1511.5 
0 4 2015.5 
0 0 1 

0.188794 0.0740904 0.979218 
-0.0276758 -0.996352 0.0807228 
0.981627 -0.0423406 -0.186054 

822.023

C:\Users\diana\Downloads\drive-download-20200506T070546Z-001\campus2\IMG_1770.JPG
4032 3024

4 0 1511.5 
0 4 2015.5 
0 0 1 

0.451311 0.0790287 0.88886 
-0.0280564 -0.994322 0.102651 
0.891926 -0.0712657 -0.446531 

820.17

C:\Users\diana\Downloads\drive-download-20200506T070546Z-001\campus2\IMG_1771.JPG
4032 3024

4 0 1511.5 
0 4 2015.5 
0 0 1 

0.717217 0.0729868 0.693017 
-0.00704455 -0.99369 0.111943 
0.696814 -0.0851698 -0.712177 

817.865

C:\Users\diana\Downloads\drive-download-20200506T070546Z-001\campus2\IMG_1772.JPG
4032 3024

4 0 1511.5 
0 4 2015.5 
0 0 1 

0.895714 0.0582981 0.440792 
0.00750145 -0.993208 0.116116 
0.444568 -0.1007 -0.890067 

816.001

C:\Users\diana\Downloads\drive-download-20200506T070546Z-001\campus2\IMG_1773.JPG
4032 3024

4 0 1511.5 
0 4 2015.5 
0 0 1 

0.985763 0.0322366 0.165021 
0.0120096 -0.992442 0.122131 
0.167711 -0.118411 -0.978699 

813.705

C:\Users\diana\Downloads\drive-download-20200506T070546Z-001\campus2\IMG_1774.JPG
4032 3024

4 0 1511.5 
0 4 2015.5 
0 0 1 

0.976637 0.0118618 -0.214569 
0.0387982 -0.9918 0.121766 
-0.211365 -0.127246 -0.969089 

813.391

